5060881924173
7061289374292
7061285519796
7061284968243
5060881926276
5060881928034
5060881928270
5060881928294
5061006592246
5061006598835
5061083811346
5061006598897
5061083811353
5061006598828
5061083811452
5061083811322
5061006592567
5061006592581
5061006593427
5061006594769
5061006594806
5061006594981
5061006599641
5061083810998
5061083811018
5061083811025
5061083811032
5061083811056
5061083811070
5061083811087
5061083811094
5061083811131
5061083811148
5061083811155
5061083811186
5061083811209
5061083811223
5061006593373
5061006594905
5302678858811
5061006590358
5061006590372
5061006593533
5061083810073
5061083810103
5061083810134
5061083810172
5061083810196
5061083810233
5061083810240
5061083810257
5061083810288
5061083810325
5061083810349
5061083810387
5061083810400
5061083810448
5061083810462
7061287286498
7061284021665
5060881929543
5061006591362
5061006591409
5061006595735
5061006595773
5060881926108
5060881926115
5060881926122
5060881929215
5060881929239
5060881929246
5060881929031
5060881929048
5060881929055
5060881929093
5060881929109
5061006594028
5061083811360
7061281010228
7061284194321
7061284742928
7061285777158
7061281599518
7061285260100
7061282826569
5060881926573
5060881926559
5061006593076
5061083811582
0637665739640
0637665739664
0637665739619
638827778347
636040826487
0637665736311
0637665739350
0636040826531
0637665739589
0638827778033
637665736359
0637665739602
637665735482
6418719695240
0637665736915
0637665739596
5061006598996
0637665740479
0637665740486